4476084275
1156361
806584967203590145
567591542
4152276256
838982101
792237156676820992
780804581747941376
794046667402215424
534184541
4041043636
65864481
14611522
557980738
858786618123190274
472627688
310003137
885527126732099584
749636379777372160
49185815
2256820790
713416025711251456
15032829
3023595315
901206407453843460
633595333
62275388
3029369362
784709223263330304
2305582572
865424502917799936
2602250071
3290757399
415926956
1357160556
4097390532
771532316178993152
216936416
3816763393
32582554
826747903326576640
849602334791311361
1258217856
30033200
1198736390
236111658
2377334610
247194766
805913336323932160
923242143480795137
898077748584960000
712246314
19548141
142721407
1541513270
14801863
3676257136
896083245271584771
242399870
897105179207774208
15247629
886399454026358784
1888105482
807030838630051840
155203891
839325296083927040
450340061
3240268815
4532983585
827266148538331140
709491295496998912
1682921281
46989098
859014656
1415917723
3451349961
103846480
2564041735
2977472579
860153029408030722
844383749332766725
132337419
523701503
2257147848
10173562
60013241
115040498
2634943153
27565007
855020068660490240
886253430477656065
739905586985336832
251305000
792239689298128896
1964792310
3052215043
872794454876442624
731093888
875471055837515776
1103916890
2322675817
868592889604915200
4854536350
773143085874188288
3241134683
2969193063
93493149
923584188011253760
914938881404997633
870057561604730880
318774557
863607641662205952
16599728
155947940
855518468787113984
1035320708
878855486086541312
3105551381
839804969175810049
769940239448100864
2369260476
827674303789428736
853369854971314176
861196725444374528
1031965927
317436188
926159258021920768
4810624014
1697795078
2475819999
327437146
2240648694
814112994
3864174615
21156319
593028113
866382573420908544
1403002171
814125461789933569
3397555738
902976306224103424
3095000531
803661997137137664
73527405
788720277156925442
69952607
1066539090
722816438331961344
625203146
730017513031917568
900708892082130944
741430581720977408
2577781291
3526426108
1474102988
822642989487034368
817482630425739264
125086815
4160701577
114768953
275258908
4138673655
2351059842
780958571705937920
383523145
784125211465568256
3053348953
1559357887
909948014571036672
617436967
433780374
412355880
754124112574963712
413028894
286211766
3322780524
3083121807
2480235965
3098615221
907709545522323456
4542919334
800891713799720960
2728494142
471817437
56774790
589576201
282029751
7158542
283468241
434004430
1368072618
907804459698401280
614566838
1949707405
412222107
614114589
323786954
3065840691
117544049
70281065
1380516930
930850843
110173047
3076341143
440761067
818134636228448257
772322046
3286490190
2544365917
899705916454555651
913986246879432704
270249557
713155165512011776
1216821044
32780526
291735047
2449484936
613580967
2482439920
2447501292
2486505771
438071392
4739481780
873707854204633089
780521506912608256
802991340
2488926494
291051403
915340861139030016
336876801
850510887211368448
3072678628
372951420
437588800
3052558284
3187094028
56665958
399023995
754277832360992768
3229994304
48513842
966825602
4297513647
2477585291
896097346781458432
465934061
618607506
785912544
36054952
77825858
767710215580057600
857051108597837824
71171014
886869251998580736
243599078
3192452017
1335350850
1050161455
3065000567
619118171
3052346419
3534243149
23753949
845133629743259648
2313873271
916005134
2316213145
3717995294
3065910814
403047895
843623902555394049
363254162
848670263826952195
2560591683
78298149
21655837
917941830410530818
2508068568
106953286
459692778
825146841398288384
4398490513
283319878
2537158118
219457106
872324219769585664
180939819
2604664924
2148134552
896894064980889605
48634431
779653729
3274792608
4465936216
857167693811765248
2764237977
623558444
818931715431432194
861301165732089857
416631134
832591140499001344
849620308747317252
478786048
764530791296544768
1198906514
3022232705
2877936804
88061241
724845070655086592
2901441743
2384527303
160203325
114254756
28658327
2546966910
4168464501
878135265608466432
82758494
817799920983965697
28305154
712167178020126720
923550835837231104
1896291618
926190120323215360
45701295
1263817284
867606619634286592
847614798
848883696
10565952
2536208901
148659564
744882641401450497
45287604
876094441559339009
887249212106170370
895958048212045825
268593415
2929007637
346063582
19375891
754586143715241984
4289261364
264016589
550838550
918627805478432768
2296861579
25776263
917602844345171968
626195264
2270336536
3881387782
353438458
807384390531776512
3115766718
487182113
738003050
877324360427503616
174338709
863686076
894523929951326208
115456627
2320182572
270656588
706620181884366849
15253
857273862999953408
76433662
588058964
1158695599
54808449
914880366057488386
108435264
319478223
918003948274860032
444861730
321212887
1596812389
196761630
712894044
95234049
849101677483491329
737367160964534272
803599814751637505
15521177
72104432
70993640
2381182397
1961243558
2481092417
855519678
131465908
26169299
832473866484092929
247093111
437468634
2782819584
293996392
3221502560
14914052
1301738358
281549959
2328890814
2671926047
14589098
2409241868
358601111
225540697
565011658
3310212212
615046860
53846123
2835912360
42132417
275207638
31072167
626886043
110538028
1512052381
3066874770
128617344
115808792
232799457
532639077
231216062
759534260587929601
57588180
1007373054
3379175200
909503162129797123
834410357422690305
24349355
304854295
910230120710815744
2207468155
1330598444
879671813537755136
2349630696
2235896574
35505722
869560040956592128
217948853
435637787
927622424815919104
108459046
45758444
3707305037
299973562
631193371
892356089538240512
743975764702408704
2911209795
3167360189
2485668331
1965558636
894219833985847297
3484461569
1867927140
131111707
230807395
17550591
2311116828
741299104483938306
101392970
850441132530126849
194746448
134147244
871092823222661120
784308181333749760
2743446901
192838070
3168082044
225894057
1524789758
71589807
634017251
108509504
823407252
143410224
869886517
113468486
833792755860123653
39781906
233279912
718947624720596992
822115381154344960
928317466727424001
717198280216719360
2666704154
377514650
779503499872645120
18964876
764955694823043072
847477401722306561
2247590600
928314382144061440
16743625
834839217423409152
624000821
2995623403
928321588490936320
824684348423241728
796721314870546432
83210033
264003510
4259440942
1141380679
63270382
428672260
1959223740
19825032
25312214
75215674
171894766
896989936834007042
3452496203
230653661
45955056
305233809
15523985
1371022795
163495723
82254631
4863668529
2996629970
7472812
16668713
39866126
973211510
4333893983
2985970147
28562265
60662140
423864805
20892936
294682416
730551926316781572
717349098400129025
260891500
96855872
828471247503634432
730045020506624000
1642813842
238761250
354117970
862817001487597568
3156139366
3044650263
272693945
2793512002
304962709
51524426
391694585
1381151702
3023030527
1181013398
915873547
3113670061
2434719079
50513222
1541798468
313630188
499099914
922168717429149696
299451561
86518095
3250043936
769430404818427904
353451234
190494177
902029487554129921
882510971503124480
21265639
2830060106
571233203
27742310
24250998
473478963
395453716
582313385
4707253406
562158641
924396566
25927287
2671645208
2541037639
701108130021662720
718907822264709120
893940701272178689
906052117152112641
2256992138
30075510
42601681
785973123124432897
848248311408611329
101919136
910764400289579008
90211147
552347299
575898125
834322453971230720
375101007
2458789956
53667584
47227151
542692225
259911390
708724409608105984
2468495005
564128972
583030576
339168378
928230934503047168
20280906
165248773
2592501626
293069948
2490814056
263599679
809422221022285825
292654546
1949175008
770377936432005120
74675207
2327819204
2959475666
2764772216
39373842
155184468
111038779
777268526
846042400711741441
925055602509959169
3230110680
146494081
1102184412
369614364
3290845260
59200258
242561449
575687395
2858136909
233830216
83921221
3178033087
2909987853
21719352
711090518
3346882085
386809336
4821972977
877254564432539649
27165099
368082108
473357102
212763075
222722607
1636660514
428476820
1147099658
68084113
902320635581521920
1586157170
37633989
860631284
928233123770281985
2616260304
2526443192
524915763
53320203
900809820
1064953393
2255203872
51802990
33764287
15901453
810167022885765124
293577125
34108860
432120367
374780377
912818848851689472
411046177
817134617887178753
723607591771738112
799626137198612480
4072091537
512816685
746107960393351168
4846180633
790787340104937472
2934117775
839140343283089408
449704244
2852211096
836334413491261441
25352211
228131338
368121352
520619376
273145642
120801113
2837321605
874433379659337730
2413259383
3475760174
402257678
3035318058
1419379304
769598695675269120
176501885
205671640
2773003343
802089684532793344
2886401879
620458070
2326274183
1685095135
851345441014784000
3434495479
52225847
3938906653
2973711006
828395010534039553
399526391
904220411411525635
2417690180
134609266
903670192668069888
888082069951320064
2302396164
2574636788
1347864182
3008425984
92100754
885880362227945472
711417758253244416
528024472
3793893197
2655451
2853665915
45007613
270585042
1141584877
733077224245592067
4020902775
834681132138500096
2769082644
2329659030
741470599898234880
845049924769132544
2886124948
2320092154
428804512
885771625995673601
37082351
760734162
3224717377
919627620735692800
738509173994983424
3145089687
433726986
797893791436808192
2940250612
1870409545
1712133266
866557298222694402
85834587
821259149501677569
2579261214
602512606
574489194
351154258
407913241
763834665149014017
1492819129
368432610
82911722
904825423200169984
1106037667
125776267
430292279
66534883
761633064896331776
176997358
3301894328
552133939
3181055309
880841852471173124
1686381540
30724694
1335649621
273392099
66514500
19515552
15321195
1288028646
1262364468
3781326635
71639564
465965576
29258702
263746630
96483600
889894629457481728
1405008822
850266448727375874
168993064
2150191969
1955724727
147676601
19045275
912832199929552896
134522389
305275322
1138928394
631554295
4729883416
4851175880
462299687
831054281268682752
27827201
263203100
35469661
184993278
904185770138886144
14744272
42668006
2432178518
17701801
383647482
493983763
705510022835404800
14422909
913433450643730432
600447892
842394473309044737
4600400237
791645075373776896
544503461
287869483
2205010062
1341952021
789831823740121088
704729775957483521
873333865607290882
288507997
892873058519855106
230481543
2590411489
61855247
738735722908160000
369224664
4863591821
204543934
843419113489944576
2936566397
744537677043802112
533833556
3430028067
822235686975799298
88549681
2831847126
859052638154801152
541819795
278252105
817044220896653312
826807056078348289
888892851706224640
1308822920
3217726167
752357495331520512
706568394
2243245039
1055001902
2481970195
480821409
747225778966802432
2841751616
1648390363
3135693727
111989084
4642797701
872094412347772932
298687910
892095793703858176
2867010279
260045837
348650434
830438621115203584
755527484762906624
899068100502589440
785496001180303362
27191203
405808096
880188359691382785
116790464
291100357
73816880
870669344270819328
804876104431468544
303265160
1236907590
748343117393297409
2724299734
756364356
797159844
893507899867123712
265091404
800042617379684352
1004857662
2285787812
1610675371
753298886622638081
576488390
894217604247814145
73271982
3270139872
567288270
2847635945
769893829
1400095236
738795770795692034
261366378
2382212244
236166856
63599591
901575987367960580
511296360
19803406
729437168913940480
847231350134329345
902559471540596738
1084712413
896108951993036800
325294313
154205755
99540356
1631623706
2510422143
710573203073208320
2224103120
2629452771
21527846
2500507232
2850949210
1615813404
1067048070
279483742
2866317722
572204314
229132608
892611026402672640
3383977379
20980405
767359493172756483
283842381
29332041
852711269090025472
400394238
507062585
2352221041
797078828
380976709
911280362730467328
788074226548928518
894838362963681280
247338089
19313840
2745682506
1489422505
886286024283889664
1420279712
801521724244328448
2505425426
302442383
80584919
206983370
57852765
299596678
749598280225476611
3059911
91116664
610070205
800907847
20971700
349081661
705725552452304897
874095580623941633
922927775375396864
1077393145
774428798
1673920363
837854216
755156891437858820
33653571
857799748824301570
823657014
758729514
168491395
513234330
894832799353647104
857469056370266112
738975254622523392
2408870745
2947007706
3996586287
816279119340019712
920850997446144000
4842707297
2721263428
477150773
226303657
761849199038193664
893848488135475200
43296352
919631919146504192
786244669847982080
19512218
229139586
1560417181
3375524859
3064688644
772850031590199296
627428061
174342273
818923579878293504
2893952492
346511049
724980141689081857
20256040
2759163285
2795850294
79532585
2750431441
712480680693747712
2826641949
42228326
754579192436498432
911451435119898624
2974820123
149091272
905370880020242432
2489251800
862601687990771713
2829737413
919925880025165824
897147313537396736
920625248667688961
4099777654
772724398646255616
860206284582334464
74718388
3291332876
32383220
2738791838
4833121611
2463562938
2811800216
754396523408916480
3284887746
749629678399418369
2341114128
356320141
2986002810
1136734238
10162792
905696960719593472
259903394
1134553687
212962017
35141531
847085797710974976
897557246711869441
320520155
109645063
869886508144226304
709409007895642115
572872816
826076462335803392
3253370293
856992819839475714
1292973655
2225541092
796399122953674752
1186777134
72268116
3194015256
157103685
2648476705
2964786746
337213203
375800267
415792201
50136701
2386981093
3146728981
290102451
884950400574644224
30316687
40629407
1545616130
33271312
35408864
1475443434
2861190948
823601782639169536
4571602223
2245110536
375252617
2742875619
297025684
925077673050804224
191130765
591688843
839169298769801219
2474219610
357651368
858704480870838275
226706844
878379712741072896
28343368
922194074731450368
504576430
771926219923288064
40182103
598558858
815511305264230400
40675367
2294634728
228137869
2417356069
882881091891343362
559007026
524171914
700613654
497974252
61438577
1267881114
236036094
752375633460621312
370079959
503978065
26448372
344000453
928640798769532930
3352826777
370633293
903240700963246080
828752218371166208
726801086
4252176269
273615453
2542466570
2888441051
404648861
4724972934
705222143949172736
1521151638
18126579
1262337464
2201331271
807087328879525888
800469765638627328
38809872
344303921
339427716
3649729458
3379655691
529715795
27545370
1167469489
823074476183130112
928357474461155329
741070155569106944
2762590129
928045607348039680
766593261074911233
766701721976537088
3923686161
129699232
761770815876661248
867646525509259264
1327796712
1589744360
2931038932
365637439
751673924669231104
1379053122
1173740514
867197131957915649
3235617716
3016875940
22836423
248985671
95740746
144789092
914445730240135168
883489509559726080
479620572
116099326
3230383188
8275482
78654643
3302596301
507843663
901652115206103040
517306728
1596306924
2867457864
906529294259822597
2946464325
718581655770763264
820775503288119296
744963574636781568
745996186490966016
4737478041
2810611336
30104121
630609426
860548204445806592
2614117524
482935610
41818737
820807708425256960
916140991786000386
21740119
814978105777553410
112613124
3004517593
2882971057
3072783826
2415204505
3325637961
887224031283433472
2276900502
330397813
448197211
1265736732
1062128766
339542327
3041784245
832745373462523906
2758419029
46243664
949500151
25601936
25395149
165584263
1708348867
920424212237553664
2984985272
857684414494646273
724006375471218688
174936692
3322918719
1426383420
214411666
295111893
742847696898260992
4690160971
1388115259
814287687872028676
39626182
3157844781
771275465533239296
284175753
899593336025042944
2203395674
869954429553979392
2177258787
925457416665337857
1679357268
765886567
4700537775
771696823115325441
305752052
26908480
782002107062681600
2317206373
920128075794395137
910500327958253568
716373322
893477238523518977
894580247764623366
1437183512
4137767417
787433938713059329
900758535230947329
874651407013556229
72305450
429504351
1170394190
3964720575
805552129507282944
734759749820944384
4649238748
1473605209
4029778999
2491286750
100362122
244146802
2697356204
2964722650
782688180508037121
49434809
83967276
1915945735
341592695
314185609
1040478518
762139765051392000
37090308
1130183515
887131767173414913
2501179832
3855619222
865700584673902592
4926088239
1653283519
3185677892
630720435
770620351814303744
2318675680
2252453460
861844123
106010288
852557644120424448
10953192
836260814910853125
282301252
817783531833348096
203213115
1179948607
3409156301
109595358
817119543894142981
1669877556
183564251
2720432543
970945626
624215938
789480452595732480
1521006920
15233056
191145412
926993642685911040
3322964867
271589275
795354638
1280294108
44903227
919311445376061440
2351878372
280952347
315871623
2519758466
919267359428243456
161510424
138261555
148283549
3009166937
625919312
416837954
582219052
141517773
881178230870470656
13484322
211057720
536497564
169491843
764232285583474688
16487791
2423031240
790925318655733760
2743027520
2568302312
4137676899
2245191724
158892037
24419032
386357970
781541292
779513568156934145
4476418342
134215715
366278537
737401791965466624
2312683382
29589033
1661056098
830256609804759041
155102463
25222559
120957777
900974955315175424
1278686011
3243826428
4113302358
471317630
921068742
872544643971502081
2380065236
897840277393739777
43254854
1873628478
823014083184173056
1483718396
891813071005646849
926047467707289600
722259590922940416
2957305000
874038078180126721
307406641
19516810
261474181
164646290
2482471164
1912866337
886042736771690496
2582701736
921792829227069441
863203388
907733132081733632
35989513
7828692
21410614
2979186605
123418362
877553764848332800
20526479
335384488
759642385047363584
3715812073
594356396
539964528
1584789493
830277259407790081
2573675870
3280200546
1240341450
875839877807460352
888330014617247745
879771473887547393
1755013920
312476538
2883843686
3357704299
755930434064769026
2561975418
2565564289
887382249380827136
831587483829809152
927290084482830342
46916049
893079876307218432
81247234
32202200
377922453
3303076892
4866477047
566459103
919351581363003393
2349456079
833090467059400708
2204300712
724794310181441536
2293846309
113925597
64338873
811785566802976768
635395117
2836205547
3006850277
280556482
3309344351
752916361
42321598
699263417694162944
734471946650431489
305860804
1549001108
191425299
1878820603
2307260232
434176466
182586183
806529671026409472
2538688140
927898552029687809
2276575376
2879716421
2550277542
917142887464280065
860973091513671680
21728427
73055081
257105141
3264177065
30055887
936051804
391305352
30596518
41973047
2919137024
4092523252
193072312
28473437
328817956
2537809182
323237345
169813175
827505750301741057
738663350
721808353
861550491205087232
538317699
880068426986790912
589534457
32026811
2957841081
356212367
770641742
713602143815532544
2860540749
135014538
177055225
917680197133930496
421146500
8332482
776714352560865280
81457442
144519536
4680361639
107321214
828428376
824982776491368448
2765133313
897481404241543168
3258739776
2917486722
701617244770533376
3598574173
820845665576071169
835766010863038464
179747429
2876438125
805791744306515968
1865768118
764833723749654528
824651197160108032
4876188297
732003622662361088
1517984119
407720502
894356424955838465
928636776884965377
113017561
33279136
792067126328696832
1201302602
73078764
67914026
820614734953054209
1105403304
3115621869
2894358402
104520454
4820804277
857878731163017216
844562444
4409558549
287995844
2601278598
726863101962780672
16241694
94086921
823098343605858304
787256105231450113
705191551467700225
811219351
845057856391041024
120593614
861767620072230913
819297875876282368
869457006473560064
58627386
884400928908087302
826528352563453957
222784944
849299569464750082
4848853403
2722008668
886978641887985664
180339678
14112296
180340566
971213612
1336448917
847381827664793603
744760155821195264
455615469
142440866
2892566022
1443087498
4127531415
216377193
145930685
778787548902588416
3154045658
848376902037364736
2293053282
928908941010132992
907604032520257536
3177589978
29718250
195185897
56956062
22518103
732294164692520960
928913825067339776
147530481
3360156220
2903579257
2514505128
814996459
925404632976896000
46569877
345230917
243881655
1323476010
784449871306711040
1337628709
3855920779
75205166
173022662
2922761438
453026851
1051197649
1002116238
384358195
780764167259115522
3053209664
456745558
2163400327
14962314
874151560061755392
176416184
3117102439
2228844321
252390114
903604214974341121
1129507141
215681640
75525874
80273
1930191834
842680296394899456
2431714832
1223338928
904668485413871616
266610213
927477672787054592
22666774
3309900222
278056608
3362576307
751003330374209536
373680618
759458118
238989152
859315760
890985223915266048
109946817
729523106759385088
822731209931419648
4515713777
2738434892
701609579310747650
867398379202121728
331031166
897671913681461248
777661052930621441
1905231950
77204244
2617712424
364534405
81384732
174386752
75814164
179489267
837765002
70022771
3231466637
544711466
15479302
2958597000
799836522774048769
738197098055639040
809384708152901632
440654025
808510235128250368
890977054656786434
2699338381
1631427756
3242596674
843194839466459136
227456815
515872043
48931143
827494367346696192
2333776460
712203259058987010
4367334556
73733853
132773145
887841408832356352
3320832168
4804478675
800403596718157824
109986058
838627505208709121
475092066
20649296
37794895
37588781
1699550052
14217943
1278483338
898272870928928768
2659103959
153662948
395681347
912120011996704768
882486070763442176
884716975
904504298364706816
830804116012048384
339902888
431751941
54910931
1692297368
4825235135
3102276123
832930452625293313
22725144
179682373
104906071
867268854749077504
453281222
407743465
4885623921
346155852
1667109438
2193353797
706883546204479488
2936945178
1505545958
143763386
278928179
4069606341
300271262
176518403
581152516
2299231377
240898220
919087217192194049
723828656854835201
94902403
279828910
832769345323462660
3477072073
267440286
720254975272554497
2418533773
741005275407233025
4719966672
179036743
3692012785
867653779562393601
3437945055
235772982
1004285713
2870384792
137802354
846624031327473664
272281010
778290530836938752
2860964212
3075205364
736546576722759681
1316972671
897121726756257792
134980305
866389872
4701261637
306432809
271530202
148622179
751059555233239040
28258696
849484292086484992
26691278
105971523
907002954640760832
817339616768458753
625218111
4269459856
299076079
913463819141185536
70225174
40799920
239465978
1309891830
725738456136167425
17355967
783048459460878336
81273435
879807891410124800
2783529902
562666956
458013531
703953277357056001
872504489932079104
918845319957360646
24535680
763419037418262528
806446749581799424
471615718
1613918492
64899092
435949293
1104487135
523326872
785009058344349696
707941021099778048
32359129
223790920
759838365508177920
3056875129
369647615
338056107
1934532572
3154699220
16027675
19051236
3312274622
150636610
66182622
907125787358150656
3091499559
3122462953
16347890
51754165
445774868
160975253
916026978846822400
2816951311
4714652179
191103135
817080469183459328
3350878336
889034552949317633
734050913250222081
4901491655
482814923
3262217528
2418649222
884856754902884352
460524709
58670110
862797965231923200
23848396
868672375188996096
907773602560344064
2376604510
67391702
361539317
865317647096971264
823242020986753025
887208854764650496
2946974937
354025947
837676685352894464
326724612
129314372
1413810408
245593092
842520032622116864
336414402
86404339
78258725
2982056690
1358894420
766321931805155328
75836668
167405418
41818640
1337348406
1585725222
2258303990
819021117356703744
1563387103
233565018
2900797536
736177447578701825
226531195
1091292840
48158614
23545020
928936312119480320
843418566724587520
3092147333
747117986452930560
3188616462
130086174
1445758026
902013386
3364182112
891837040345657345
736015139544039429
1374780540
2845470843
889186190334808064
1281589513
1923055550
738449257020194816
902004859
23741060
1580164657
898587048809971712
2482564921
833709472182890498
299299980
1375790868
3771989117
767500042114564096
1526049823
926124006
2830843052
874229742949593089
759507071377301504
525685842
29075651
27283364
4243354043
36215742
751178651241152513
2579358230
825483128596787200
808036045111427072
419659298
1965852523
370791100
184999087
750390378759655424
369159284
495016851
819721764829851649
725313776
3631766121
2975101474
25553117
4482205642
233461808
4851937702
836782114951528453
107176214
367420456
850069376921456641
14166365
14464727
707960518049460225
4797079408
3179679371
822182568
365681672
2940402525
233916783
925539595957268480
22489161
783343414196789249
33309508
2744603422
374900318
872164855
36568597
2192360493
2788052288
549316307
873817066326904832
823539672
33983338
198752267
73996591
559151969
900774321957642241
60500473
46776798
43305431
880914434000125952
2366841385
6096602
879996595638595584
3060171801
74266547
830639979793698818
855531771622023168
2932727313
419807804
2545908138
264458898
2518886625
24870854
29143332
725352896213053440
2273931756
1284650989
44070354
105404920
137089082
40593166
309530811
624053183
3225623005
917078435519975424
241533154
927793709885870080
143673058
728613225227530241
1201134913
887033575438241792
3243200661
96205853
4202579331
2882386420
334564457
3438082263
916332541476528128
775326159068356608
706758734
1614107683
17425121
910995784010686464
3939490633
175986548
3215461962
2344648064
1596535310
925855129575837696
860687713
861013783497650176
590510573
1158096103
4397077228
927155537590063105
1215323040
1587556711
18227548
4701152063
415157993
895210184494071808
709001554808938496
2899652613
874119296061931520
81471862
192348670
4749228514
281797944
885718982094970880
4225347504
822705362222641156
220074480
919088332566552576
2588157007
928998023232880645
191621019
888907763966980096
920306280140558337
702531279741255680
51737151
46472617
103067410
860257841688584193
3079905646
4811953105
4823127160
3302734584
625852329
880096883833802753
414950082
27478574
1118676098
2711797192
766863716
899173259643682816
156716305
4196438189
19772031
113053084
46908524
850542214908399616
3142235746
2878943566
852601571879903232
574769095
107562777
787402368719597568
2860313396
3244550155
95500695
28424125
23055566
837106910805446656
3091766863
2379126630
394601473
2782766725
14420899
553859054
601511764
729059950039699456
871914168420622336
2190949147
583033132
3301248009
808750453257277441
2446582613
1195088173
777324182883360768
577284332
782760593333690368
801707141874655232
21460496
3198443533
23233077
175489463
926159701007650817
1270982574
29299929
752467893154041856
311737154
2994425224
513542243
887656183393333248
749089126129934336
391634453
811409799715889152
1619000628
3287220691
2767655424
729376728
1210657760
392046233
860255432941740032
820956256751861761
4734404466
193888560
85523659
29071193
327229546
867925501179854850
750478028191465474
397834468
3529721296
251330639
815680201388683264
807611684542038017
3313692960
956075946
910964347798564864
1031956656
228236289
927580261168177152
421599265
715726724562952194
2614767518
803917638334345216
742045736561475588
3359654956
16709105
1391224532
912681794
726846846983753728
2542120694
923459508998832128
43641613
373178239
1371357133
833085297856434178
81948112
1207700245
848305277510275072
898529022958764032
783591276889255936
4824665966
362232060
895073580966457344
728812569163534336
929111848317632512
906363796557504512
801171872088018944
3260653098
834900403556925440
798583943159304193
386815282
810245406
1473064556
4363421233
818359216909914113
99088883
17718516
22446460
3147282914
1231324314
722960072620408832
326057747
30391752
427934409
18921643
48226768
801265057413918720
172590191
285733608
2202811314
126768364
451254031
928692490395414529
787235286891716609
464399714
291963379
1495245810
894230323193565184
335033651
50216663
1454707759
4660129875
1631567244
24176002
57890838
874328576090267648
245109882
53582191
97616044
27463942
23028301
913004181996425216
2256321967
2177965716
780507460113145860
2472542246
358942235
117817543
2184979348
35488068
859313378686230528
124010116
323644673
35039509
749927086564016128
821844541581955072
2944116066
351038274
400065685
188332202
758990494273720320
754983838686715904
2195516039
99429296
2201059609
3593278154
727452782228344832
73770330
832266818014285824
1004864088
2865695925
758084466455617536
929296822119665664
929294152176582656
929291945058422785
893730564062289921
929296828314550272
474231945
4278727035
812727326882627584
721772158242988033
2857909291
4257056878
925866807210242051
893333943545729024
2701153198
1480634984
904330081333415940
862968337105661953
770859716247511040
926179689198161920
1527991740
784550677838266368
525750813
15789259
800751198936539136
834666915037532162
57959376
2564752652
896038556904435713
891022434119413760
17749979
393944244
164234712
9665232
4892515410
25602418
461564240
4745204123
3220746038
775197570738126849
123477934
4802674513
219425028
175960618
2397191620
898424254009495552
2583247063
909083679338762245
545988222
101927797
3007862719
704353649200406528
4744390102
4782735722
408111001
283625206
2842140476
202283578
435309324
923525380094427138
1674101892
40399810
806920626313138178
490008821
3007998585
3189964381
810379039
859656829940383744
24701254
390466097
720278736935866368
928555969226969088
53099275
917434545842122757
1043334018
130491085
974058258
166062372
786005827366883328
2780208964
1609469136
1050187116
2725171190
167804274
195818413
78643408
4531076896
124167979
3517880953
1011415705
197136270
391522729
715675265867886592
76113090
814906661848616960
117655972
905151555766071296
18574852
1681884133
887096643111317504
52860045
772143038344888320
325629600
860236346643931146
807598750222995460
2262550692
2369711640
336606792
2857303383
740632692342018049
876982267591049217
788319337937530880
253637334
710841043
3890407214
383384800
1460141216
2733190718
333130404
710524151669260288
824371425603624961
1092345350
93455290
2564698345
5714482
3155411485
2541624234
3260217687
50612510
837962028
2218071307
769595584797782016
621762063
120053540
36834807
773976069007433728
3077763244
21548463
701861767
1725036079
764291477384097792
11417572
913191884
890210206587551745
416053971
798975601
41122286
2199360268
51479279
779579371115859968
14350296
2633914903
1590410876
18072150
809080113769934848
765212328
2305577094
3150500688
17266860
3397630829
1914604099
3060209475
1893798031
4562135301
1403939582
735624993124409344
161266336
760647384854507520
26168395
4691679558
541392490
3981754697
717438795373785088
769716243448279040
64407316
273157667
858155896328732672
1917629390
101299558
914074907910209536
711633132248821761
2603751426
18755402
464565128
301282743
4048022716
53758549
1419983364
60060256
46517979
2327206906
1437094092
865328786958692352
927238200237674498
2865188904
2660740692
1571102605
1377802424
147282309
35695590
836451011430490112
17035942
2446196454
1708346154
922830896222429184
75432647
21125486
2563813908
140980800
743824685796843521
2605871922
191068977
24591898
52783905
61125151
397424454
873729630938779648
899789203
766846914620829696
452153102
708933335813398528
4217821463
737259144613236736
1011642740
105305259
863881301228695552
894359808391999492
262268267
28963607
501577488
3733719436
300973047
57815207
15948616
329448465
2277874868
821102157831307264
348476709
750186884974800896
852045888306298881
4765722078
842234412
43186915
1131777865
395590695
2835365889
3411577217
1356095450
928272990059581441
149609411
547850847
877205866252029952
4794447864
270662235
2350964867
1509019682
562337826
75934946
6347182
46268552
2859942608
214627582
786282525777862656
927067406731657216
27384753
2931494398
2794521239
915281568553488386
45970426
3110461544
917349543083200512
2329744639
3288293591
168748305
740226375190089729
2614429622
408521130
22852962
2810482027
3140429354
926151097470935041
889257639900852230
2855074787
3330372689
377640477
3397876414
21122551
4152687744
871083314257444864
2498098243
847157274334367745
886639048697229312
3362498883
69907501
771091222559621121
3139959816
817063386827653120
436686174
2186755171
711242474593902592
38892357
3158544127
38315942
3404207459
2823502025
908772802127425537
351290409
824481198034522112
954997934
188956144
4644263421
16099899
2794656217
869917854254157828
2607922813
907636695276900353
910790200598650885
906943565279973376
252790256
4086175158
870146508334616576
363800287
912864226116538369
1315921093
29148557
706612250
274884562
2728324010
834504657108160514
874877835382575105
1933064365
4337410994
4472004977
757673163870330880
388008675
2769990047
291050240
18432236
16895795
922906908427804677
854155003526819843
382790018
3656459260
2505824742
881847727000301569
739495122132467714
551071154
217505186
882386345192280066
883389716942340105
4091121
921948119608320000
925500771852017664
777481773194285057
742690304
858013995831369728
3165957161
404561197
603373605
140963866
728806397601796096
16548442
3407324747
610193580
714115901654577152
2156375305
708853439346941952
745147279263170560
135293007
885814255932514304
92985745
3001651975
863878596
1648474916
298454924
798277879775760384
1863788058
130929661
3278838872
2852008451
816947035563663360
2910359173
153798798
2796509780
3236448710
798806323773063168
32285067
908129946438074369
2605298966
824513175005454336
334433919
782473607645503488
39054975
2194529292
62868809
3439389472
826282708909256704
926248624002158593
136425886
890954198455468032
820181697236901888
704512344949465088
2887518035
1880642317
2261609545
733030984371863553
712455418832941057
923526261581824000
35565083
2322755629
898693115598352384
15593231
2892066516
3254198614
778022196593643520
302727175
770105995339194368
889452000269615104
1444092842
431732182
713024604
824129109139853312
2412725190
50520056
1729449008
46536450
273679262
124441838
913722541641940992
206691310
906702595
30814892
1097181956
17654317
1084839151
122264227
40579434
771006099113730048
232083916
854826467867348992
901963890539368448
25790501
879369637414158337
777811361317486592
880265950553092097
891989088412327936
74578857
3091654093
765707884806205446
27891956
1451493606
919576195280203776
109449668
879850409044705280
620600977
31003865
46552155
831002446222675969
744638555985575936
119212349
27930074
48450784
171146891
285305914
848046981427712000
813132311143161856
3245507472
826468055203053568
281723623
268437180
29160225
936122869
2540882166
911876452848631808
125928028
3418989573
204421613
745834345190010880
27141645
1001599910
14950717
2858038730
3073619261
3387352054
912879812863242240
25409925
40584443
926281247218905089
64442858
419816344
882214707045597184
2248222351
925875844748374095
1722240577
908793630214754304
748573099717595136
611369726
861777673361788929
1547287063
3196683180
843320775327318016
390536695
3315875459
139139365
1242845737
1120940743
2798812023
2781396794
3289514444
466699886
721531247894401024
829826774
1255737979
2868429590
26189923
26185059
894366895872364546
586856127
923044923049414656
722217195028279300
1366312890
723557781236776960
73809123
876094868459618307
836724508484476929
883353788266020864
891377644205297664
2464129848
439544234
102573385
2291331410
3374800103
233725226
902627481273950209
926630345050554368
760538819913408513
2961221319
714479166645731329
799220151044476928
100711859
633458756
2786911842
702810621226545152
262768434
386362736
3237887803
1192373126
871148921418010624
762846234
1159174568
1627987254
1253226960
593874079
272684722
131981819
243363312
929565328673210369
777597262142709760
74118424
928662627936620544
1945934719
116108014
874984730285940736
853023942180716544
76243362
849027430190854146
2217476803
564817081
56486281
95578835
735313530962972672
2704548373
2945029898
163648141
576103233
897204315575791622
910692622980849664
743115791940358144
893883786496286720
3281570935
33926727
770699129156624384
878335290926014465
36252509
451105027
18945736
4371200597
780632188991574016
416476465
85630218
495799763
768233251265716224
292108110
2965811918
210743645
61608747
53161519
861832036264194048
4413593363
3027463139
27719481
70953184
595118492
897059798159679488
59673960
370481129
23604442
742764947193638912
907693311946870784
297499283
269663457
1164924343
717089079591051265
1920706326
3348105333
2452254384
764764626122780673
400641420
2248404132
766475822643437568
369750784
928137223299616769
1872130969
3304877576
1858682360
1094655546
786546973667004417
865380528890847234
777582388691906560
4645418715
762954253895766016
410790735
4590153695
613093071
1407439099
2212366531
929540028782407680
828606991891181568
3293467368
897510838810152962
347627151
125453486
2941123042
941115643
2414072519
715857183053774849
2779081658
3439065657
148271895
922776096524734464
701579971232452609
850164348
43541826
843579895909437441
894456444757528576
864343795936018433
269885552
531763977
2554714356
804402250126938112
735522526177185792
820620328724373504
54839618
2584033202
816737592733380609
3826493847
863637809688698880
1058017772
619025725
3019277962
2353462076
753236236668731392
4695582738
914237090459664384
750023358268473345
895210869369561088
833119365788610560
524556185
871241214766403584
31215235
197005551
2223092248
887502655911641088
131411849
453595028
752746363
911084760440516609
2951826668
2770112535
759461581671559168
14268555
628175625
802278202655830016
4708401029
724551300
3379386665
727079265775181824
82347821
883563699973181441
2278152015
1941581052
929642970458001408
895775500496449536
3281952104
880397576524242945
838903704942182405
67059866
1394389260
914049871
4643902636
118294220
576240377
4194650427
860847374737866752
727074695128866816
117262182
2911187227
3815810837
700425569352224768
3323478318
887149736645545984
892502895085662208
3251027174
814542395333296131
924371050409971712
2517026768
884045807657377792
374374200
160237864
1926176666
885287377383632897
2826803868
26468184
887729561370284033
2778869727
850496112
320169465
2155347457
926496706031751169
140481984
861831883067465728
271033244
848606911293399040
426060097
3194559212
710663181929095170
929391480623345664
540933061
873906142627409920
217478683
130910927
2441877974
825479706
883304839148699648
118014759
826826759953903617
2595054072
2986730003
925561603147173888
173469356
3274374320
3125814016
4928170557
311561784
2885574087
909443194508718080
718350517710233600
233294362
14174227
3372108567
856438173366448128
39325005
3227189353
48383751
903188010606493697
896151087488663552
3024695653
842388154925645824
355124102
1947677004
571595573
395466595
890639379911278592
310769426
462096889
838630116800380929
18317966
832636841819901952
77196438
863276694119092224
3304145422
4196340819
390577629
3145161610
1173004730
17158126
806759494583611392
184551011
806590795314647040
727952481863360513
2730294578
842108326112563200
366707060
780999742331449344
1656204968
920669717836201985
81725874
864814185582129153
3555586818
3170696262
764322242087923712
302453887
482413333
111541160
2180283223
1268529607
1294468681
3248210342
262374300
2396422448
703945197365821440
2572589888
1015847911
348623326
3381438611
587647932
304253490
3420468400
2191567210
923387299835940864
849252197544083459
3233880688
3138726763
389515022
3237848659
38708100
3265806433
2764391073
818372323644473344
3253379444
846398242141167616
7302762
519846732
721241890
325321396
727780713148211200
3260646204
2518051
575915008
532644675
382741544
369102604
721040941
2606468749
15118526
105225437
767818188625248256
588634745
3402318070
929756406294642689
139138003
1242188436
2306690138
4505291440
2424384523
356847905
455871374
156892344
259617018
25588490
17071022
869597780049899521
801109544042643456
2508222807
1432959043
1309162866
780014091163279361
754364379827728384
70454016
717148220674035712
2815931517
24136615
161105369
18577871
911040194
66713198
866666902323695616
3366422769
1548636931
920371491216207873
924776237226082304
203611601
634311986
4857794809
1491207667
419900514
2423205486
920802148140634113
3741660740
910738302982082561
101529301
2863168885
1975523815
3106145951
78750863
498141587
2786048514
753960411834134528
854177519095894016
333276007
17532466
534094315
2993995810
903889435057463297
2671621129
841205442239852545
433000093
2528239957
789552759313952768
4053300192
4088127854
835774704522702849
87863874
203765089
710192622690668545
918558788428242944
926325047001624577
75499315
205971753
109394069
784598012060430337
133666407
843617144483004418
2199615776
879145432915386369
4190013441
835444428349161473
3027962930
58259533
929475756652052481
1400852616
3356609913
771007619360231424
881083443039350784
2435381818
453473029
314548350
497310731
3747600676
865040700894662656
121740814
477544575
721885294786715649
2718262992
817602559
366795645
2758026778
893578011945033728
822989954863099905
848188460
752442890845126656
2210229745
813169946
930015873926029312
77913688
106839220
4811949554
928580453233180672
523976784
419950336
279483060
536527590
166190403
760228613014818816
733377431420174337
836041756357513216
821845845289136128
861257047
43091196
888913366017814531
2472958196
123874051
344112787
253004816
1346527178
906725091433619456
2878216677
929318202026418177
887318160705236992
778857003267526656
1247768634
2921945725
717693018
839217112270979072
3328338811
821106590241685505
756936932853182464
870531106436653056
398430216
736034142
776837315851419648
880062447310303232
27033505
363244900
805825253704286208
798616569098235904
532072247
747734540337168384
154945035
2487937596
794545707181101056
4672128870
51564901
86618128
59218167
856915494
21878026
476064387
3670401979
16609825
713779973241352192
30453155
4149981095
702354477127507969
1697249388
527616633
828622413759913987
767480120680382464
56159886
16990631
786641479917772801
51456344
427258666
854552248256417792
4444851981
845594678284177408
2149577509
420778870
733566752
3176875835
354322143
477426261
928611803675938816
20356662
4221678645
54399744
91567136
850399136218202112
761537210524971009
841536270547345409
3303754644
884021206675935232
943385593
2809618501
3439579875
929836892597751808
2459868318
429030696
846208555757682689
747227038000517120
65900329
299537129
2234564908
826189592411779073
415790524
828657741711372290
2260224751
2504173880
895475206000525313
3313591675
196123459
2291575147
893357407
2167749393
2920548800
782538824014372864
189215709
47604858
793737705930760192
809634612360032256
918148498595467264
3253519555
816527884554629120
3248319650
866325487966076928
52244555
1547266447
384569964
2432699192
2971926308
804301316969426944
787378630691201024
2517375213
769065557891088385
53584053
253636354
786609651248984064
713339536311394304
1627398630
558160355
1210685250
2990559786
1239899076
1317651008
2555814865
606859330
320610513
38530356
819241427418939397
2449927046
35886766
8705082
791799248350097408
224236792
37869737
229006403
794434661032271872
705647605942857729
803612550558400512
710128362
2345925392
910756512804503552
555623455
1512237708
75658250
123182237
540562260
4823020389
881016901794529280
1565746093
876919012290068481
3031716507
1910382775
559138484
189636674
142168843
885818024535707649
52999846
446321290
250712696
3072110755
723425495732228096
882717722685190144
254309823
825390755963232256
155351209
28505973
2166266785
232483704
777458680170250240
589758739
519684545
46122666
561633029
923068638734589952
925054880569610240
999347090
860126603069669376
160758969
100351120
109717472
894531215990149120
714038702910078976
860771447035240448
747934012728025088
2237690468
725884185580171264
289966710
2879411743
713761715356311556
2908337289
862983179958837248
238499524
369034487
851782101032554497
3057533272
1487433859
472151546
788225178677354496
915321100241899521
2969250867
2952379442
3308663193
4842564491
922411982527062017
53837520
3196219856
948149034
36030349
2598492662
2370388698
896823168173846529
226850196
859114547633729536
1453824542
2187966889
224615804
4907178428
896635995130650624
917334074171297792
815230870080475137
2986563892
860089471114424321
571813215
711534446
4577276235
1405158247
778929571185819648
896132520512811009
60392543
52412584
4049343979
730005610402447361
68145406
164822441
853284208361390080
2841481708
123527341
1632419898
828369813433102336
194615535
771446881570263040
985325838
1704588055
864832877736980480
3120475886
765259872
904447060581261312
105974154
1028508950
1858417866
154461010
756301593914413056
4906718786
3001667179
634609648
21298454
43649292
22520029
868825091596931072
2778366162
708745065724841984
206369044
919130711830831104
912263193615110144
904046823056318466
908174596381265920
930108846
636109667
710506923137769472
904980381493067776
834829447417192450
109317028
909561274807279616
16267249
3191042033
165516056
2882651364
842199577566445568
754046244335579136
74826397
832230328945176576
2220417909
910308275492499456
4576256717
2294355636
822089252091686913
2797532828
731659148119683072
2365587420
771938081150730244
918499872675840002
3402307874
894742365499510784
807691156272410624
424925611
858873054
3302123858
910768305077489664
4484664977
830811069610274817
857648221589573634
711571804599373824
1574753078
2398462248
168670375
903854997078552580
1609761948
2824790338
870727544185786372
4825983768
517537854
563505670
36218960
549426330
172268468
4377244756
421623448
2395030298
272319109
443879374
700656722730352641
2317542236
1333880778
337236953
852481592341794816
903189629683122180
918702489272172544
719219848048345089
89762844
528093124
924422019353001984
62951325
904601959
906930367201918976
2937825163
15846507
326243231
814884174502858752
87569195
1137070741
18457820
943343420
911258522347823104
405204487
402446689
151065796
864184741720977408
2877925855
112657274
2905419644
1575919705
499440773
3285699030
387612150
741429614870958084
2994380156
1952733385
907944328248651776
808093521353834496
124968336
845938786416582656
903231254786662400
43233572
234867443
162109010
703873670209540096
64979487
845353922944552960
607731069
716489867551764480
836356010201780224
1576463233
298306595
21746720
1602317653
869731096723771396
876589107845058560
2992818932
759941259171598337
16879211
3984772694
1020934662
384508110
870034943295934465
749718204683919360
776272687
3307505765
76763553
413447502
526003262
155734432
20650454
19370504
4872397145
2370352296
859566460288610306
277246557
47851053
922395227075231744
906314533639262209
876919235955613696
3225606391
1670401686
27141515
4455801
2184118634
2598843761
1387060411
515638651
2149209577
739619905528438784
927677930225901568
867976992364167168
829402983876198400
1093574378
275456232
971314556
744992276
2476417142
16778949
203808500
823756824117657600
2656332518
2492707874
151516750
873949317882683392
929341880885682176
237104096
718613048357888000
252436303
395661033
469642937
4694121356
917080720127823872
701701193102454784
28841193
910685413555056640
366923323
861611477022715904
793156724332998656
871165934135910401
752895662
1555893626
3001537128
1399721636
35748979
735267177763246080
402384126
765226943444910080
3314921889
3300253109
741621543151751168
914834717287047168
1333725548
546636335
230804728
477072356
918831313443942400
2682792607
905112940692557824
898303460894011393
2481299633
1402079826
2394094423
2383877111
711036420480040960
481697815
1916487548
34809486
1001484872
829633395898535936
2756340701
978371580
1006180585
15250690
45993917
15283723
30766624
803774252860047360
853575767082414080
235391933
753684679618953217
906748642794655745
767226069749563393
131917798
3240157334
4534799053
4480381534
3138908103
863089127100743680
3248075155
2874973501
914837825589301248
77108486
703191058910347264
373445562
39780778
2505791930
1414556400
743878475434491904
1478175728
43306629
725864257
4324280842
922624616471855104
2384215244
883723938
423312992
928727646044692480
380285046
547836989
457991550
871949049884286976
791710162734157824
255339331
100876104
920700805056946176
928429955683414018
358326873
3534061399
4834089210
881410034663436289
825619102546800640
3258503624
706929045699624960
757142202455732224
833416252253204480
3348647539
1146350779
448679620
2271151502
2232519890
610547569
930696944619573249
930426910395457541
174174960
4641880422
704598899785216000
2523099763
929544088730394624
888239727853191168
917341370896936960
745958553408573444
914985680509521920
3391571056
798565116681797633
43116718
811055098314928129
1469120622
2937087024
4191248352
769578148144873472
880544775149154306
16536407
1034122190
334055688
777553343375826944
846378901286895618
140382046
839757764121415682
412642276
743860543690145792
809260853363175425
18755543
247582444
4102446553
881872203167408129
297127386
817643095567306752
1496207684
906766206056595457
26569408
761831040075915264
2564723035
874434738
2966026790
100035099
404935528
3399549974
2381988061
3015768784
56140081
395492846
752701009336631296
3957152954
963312319
2470244592
864238548320309248
2496720770
88518867
866072137
753687190215888896
564236889
850349690491215872
42624594
1735154695
870577407547367424
1302870961
23914462
15119469
597289849
2570501443
13269212
4752845352
23227049
183161942
2492494687
112949049
440436707
95928480
846552758660534272
1023867038
807499025905655808
24136323
788724960265056256
30663946
916907332306558976
921417850572521472
925148728071245824
853129898
44444610
3271331845
1188541818
14223431
1888261009
798237257329246208
872320504937492482
1723382856
1279623896
923954425806376961
339586934
3022838347
2879007979
410865208
1136961696
900274856972963841
3386054801
885683850851909632
37230170
1550215886
931093668273963008
1034443694
2897406778
242707030
167276036
22564323
1854083814
928264990884163584
296839537
2944247984
823600368168931328
1266627030
870995253926535169
888084508666466306
760095377311797248
264247539
357674179
633753086
62216124
345874647
2983924890
812337495480422402
537122558
3008504588
2910649319
930223472856276992
3180564912
826610616043503616
44082104
4895800132
772641163216035840
3244612373
762976799299137536
4046176192
895786606912823297
2180161020
2853313744
3749126715
471030570
1571811762
550101684
263837282
22548327
46783912
273345292
50782817
119353976
841598411744956416
854982063874875393
899653588741484544
907695404044648448
163833585
48681681
805418257943498752
458375698
96087499
4150991807
2433158620
926081098752421890
159124871
618758984
36063894
2485491082
2436271079
901791408876552192
64826936
338817461
2948099636
3374081453
1549647152
75504525
15673251
62964075
1011290263
2516709626
871413108522221569
52399827
3443513052
89407993
2501569849
2783217359
615433562
126050711
710946424159125507
368579516
2643981415
813376517933830144
821570477185527808
1453218877
245478585
717469431169990656
1393581734
198036992
4710799088
91426923
936843780
995505794
206184544
899259408617676804
2895056526
1520774130
320374242
419062662
884155109902622720
431589570
3603569235
705096943291256832
23153494
286553880
3196766377
3157752533
401159364
2250766146
2993826093
273203977
36887727
3281724206
506646106
537688209
19017283
24683497
525006428
823194984
2828641276
183652164
39951482
3401940994
25407588
2509713809
719081715575050240
1628116748
934223630073970688
748966285124378624
934293955759321089
132086174
3548862200
306578949
181800015
107795176
2168503993
730072019987894272
436332986
4495352653
823491011502624768
808076911553310720
34217514
78259869
2862703102
924368499971063808
4421906124
918234679777595392
776594784811044864
2416398479
2892789450
2703355218
3981504965
869820998333325312
281559811
345293781
465249778
3848380342
1107222054
26040635
348781581
900376291
44041260
124092386
167328513
2782715750
24642388
875936631278186496
175823479
2811614393
403842427
812985580153962496
932358591327145985
421338267
184748225
856500262378151937
777852936047042561
869471394
726842018580803584
15181476
4254637932
811912807918600193
94917870
27318934
737326410092548097
4774837518
72206914
50383160
904134060661989377
127273106
790235729561608193
2853625416
849700366019153922
573015570
880494006521667584
4386922654
788342011988443136
2198965458
789094347706949633
2347744258
297035788
1539269185
932301430538596352
41665996
611365524
1477857218
514752882
798921390
881698727957639169
90094389
1262311728
332881692
35426433
216239464
786184792865902593
1270149865
136720897
815762500998172673
28103584
214881856
906108882514149377
556092755
34714935
887247488633233410
843309726561525760
2330248555
231352402
824497872074797057
22558350
3304089385
4662130039
774650182143062016
876449719592996864
4749955429
768359082
716306943468503040
1646699450
845987487503695872
911929529228242944
1260783487
4022050873
2602130064
293737090
892527308455555072
862089755781210113
931580161606107137
859777930523627520
913343660854349825
45300413
38818613
860126526158909441
15738599
21352313
75387859
579117401
732920354948009986
435526795
34306754
4726322174
186850929
544589057
43871559
806111177885421568
835624864249688067
854102431516336128
1707942254
27966894
753586817732055041
1433439120
38218855
1937707370
3899870536
998766624
3321122411
57241682
850798753648857088
4767051687
418094774
3099170839
2547408638
3153734689
774242880156295168
895767060
3772831594
2718048916
98183457
762018669748715520
757509286478118912
467392479
327328070
898150893564166145
735274369929203712
866348727988039683
90555139
932928627804532736
767685330392715264
2474901019
809343285999312896
922876162455547904
843418306170167296
4218200067
2272618860
921377636646993920
3772030576
878665191000596480
2482071294
7217012
4719780186
4798462440
1664059166
36055254
4361459667
3773708836
3002383868
81040449
470688981
50050603
1359781819
322526117
378386974
173447618
1346977796
877878979956551680
929017052
923543980544991233
885992754714742784
748236428014944256
535767863
442112807
1226192106
3370936707
2418768295
538161392
167595032
96457899
835795807
281220923
1572137216
96463108
706543585
923302033683369984
858038426
980056272
3919589776
25928945
836977571246051328
53465485
4861510586
2332797794
921423814491123712
3825893417
901086525219233793
917734598066368512
2191403990
538436882
34321574
3293474123
3291676718
708294674318884864
2867748438
18400515
909558748502478848
40539578
7077032
811624681572827136
67212916
17134865
2894153578
115780801
116041388
2264544320
201222276
55248668
633130331
532089190
4011536772
45398567
914355069558038528
2689196665
728224813899096064
2219277912
2428418026
790566470652747776
245276059
812350150903558144
873487517487702023
565049134
2187911713
175925113
53620115
1590302312
923055490225135616
15117831
3526795943
1270541442
785611453084512256
2287111123
76298550
917421889026269184
190789378
1668487621
4487760381
1596227437
41416301
908685492656406528
29591032
1916729557
39204197
3247116794
4734486428
2866974249
1741104745
715956498392854528
823720214
37056992
22643705
2318414568
2396510730
829414742
891333064793698305
900181671315730432
919092214575218688
914193651042881536
920148032745742336
4272244111
2974340446
2922219155
1695213560
770672706
3177838508
60382973
781717339008040962
820351342493376512
927047911069880320
3271633824
847761227203854337
98578682
77522601
745890801884995584
105685127
279834953
358106890
3040327845
387452552
736689187
69790872
608083745
183120862
926956532897546240
134151603
2419113672
895033795778297856
39528545
741991230758871040
77702892
3307407540
368484202
2804105456
46667187
840943422047412224
827145379
1396855940
3303420657
789494254905155585
926935857906536448
803897973310705664
739119951072595968
3125330891
926729184147312640
629713932
13375622
123481439
1061670246
528989745
922051108943663104
3172590731
895641873171320832
101299404
266108410
737125846184529924
105941826
3201140218
2723375115
777135338926006273
893075404319338496
4889323847
291545730
3106820413
727451451329380352
175645658
305385593
3315358850
85558548
19517305
869956384347103233
883716582400073730
120060223
179076206
904116926187692032
2200451587
563169397
2529437893
4631861173
28340778
2987680575
924491002185785344
924597634748137472
2883957427
4724125195
3299247510
234335804
1084494462
910870399868485632
4375116809
184035104
838349052811087872
262216190
153805836
3843300676
4713411792
490744402
247530103
1129909166
3030290548
15413774
867519170526793728
265474735
16960958
2282210179
2745908761
835476712007749632
540580486
802904439581528068
2835819031
275445514
3014278600
3042456095
888741619792564224
756854350891388933
2233849033
479432536
387240595
705441966343987202
510285752
2857713325
551153748
866282821765275648
2805137053
848040931471368193
874585103053332482
15271133
925718424
1201836858
2178368831
62408844
336750098
843208193719328770
528677318
853994881
30972259
94924892
291224306
3227400824
3332752318
383403872
597198452
2303630036
976572354
1254435446
910670066
579968172
2189026582
418110735
905129533061292033
778633820404850689
2322231939
351858305
439107730
19770976
3106693970
375051097
4083607336
18909310
3865385001
832779943775977472
924362398038978562
137658536
18035804
851190266836987904
749962992960372736
4482201701
204473665
1924468009
926029491620777984
3043580633
904150009259724800
810318387083706369
3623681301
914610521088937986
109518537
872903276429287424
853234496
24576419
70071249
774534002984247298
2821475280
859141042163109889
244183178
4769927413
4552568499
17349635
260576648
127401946
913494464324407300
2820846140
1164371815
2289201155
164972049
867959094186958848
29075617
835186915502657536
4699393825
904391681759379456
22953765
4828242658
904011449965494275
858417221554589700
18205819
266436787
1417162219
635111611
880223015505506304
126793254
528678267
2942755702
707911205390827521
855493321
732877622217199616
221905223
57266706
273621430
847530695694192640
4821973318
635826374
874859440821940226
30557186
811873718918119425
878402667944353792
451550781
142016241
3384928912
1565033221
1572364652
27188714
895074062262706180
2785192067
3647276124
927240498930003968
2874283966
21297583
617739795
809216734062374912
3037261900
2156596975
2618658399
2309073182
3087319649
863416265662230531
39092860
3267973116
4692870313
1938382795
15671892
385094140
38112734
2411597653
876726758355218432
4124139257
1240533757
832269573848186880
784421192870559745
2427828121
27996407
713911661581766656
93068583
3150160650
3147227194
397687612
636735851
3096749593
43873656
3675171149
4580820174
444284249
4823283012
818598430285012992
925775803320885248
206873192
574100642
572217634
957500916
1639090328
159215740
1104473359
3253891535
2694230832
139523785
716292557525946372
737491483
57537134
818223732296716288
916809069666750464
775792148641964032
16680119
3235217247
814988928822476800
3923939855
4529667916
2436067333
1052073931
817205346783498241
3102221922
876570882566758400
315542257
795702687878746112
1535773519
172810027
1562815075
15697472
619252055
2202882182
905079634718543872
2990081979
895068378
4875044721
762998842698653696
1056517956
3001969987
23387738
3115655429
2960206148
759192204812357632
2285072689
840719219557842948
900940448075726849
918347437709938688
775453113671098368
767489607176826880
747432386
3154285506
919431113050935298
212133242
1714416464
852243696946905091
917234323195072513
170814579
3315839378
940366110
359914729
966821648
130894068
2337379501
807952780220596225
835753927148711936
887526558096920576
1525567830
702656438158503937
3315315745
1682204216
454216738
920782973288570881
801863832259928064
515894663
2586115314
348632605
2804347933
14365872
24211508
61816472
862673167889956864
737676157332623360
886763485941702656
723395544773599232
2806028820
719321123305955328
909862243067719681
809019752
864144224782082049
22154545
3401654921
20468160
539660065
20697078
743248057567969280
405818773
925846088472498181
31598798
44046967
810419971742437376
906547274125271040
612842671
3379711671
17407801
713096059203952640
352296393
3064639089
2785784049
20297286
874071216948215810
4143566774
910209364396511237
719383686785998848
2385876062
234472474
1601884075
904949103850917888
2903245093
70295612
710249534522195968
917571457051385858
832225382216585217
577638626
3161399815
2587799222
780208413070483456
3626121254
434194795
569964613
2417726258
805825853212991488
2641419149
748007052585340929
1040153665
2932682583
758299755051122688
2944314374
24612832
877261563844894720
202623987
283381430
128440813
910982727603834880
721313642
407391374
2935465052
3315191606
37238811
756661666109067264
4697483412
852607258638856193
1350769687
49353537
875264039927992320
30761520
2147572012
124852757
1083685380
431161247
109261073
537394968
560115049
537936681
866440352210624512
3363170053
927303162293137408
3627746118
1561881156
51765647
743155082850492418
1604417107
886516897277132800
563617296
4910730953
1161514374
22869133
2588746232
72246717
920101657282863104
2370172004
4715951236
19497875
11303252
3861703160
2548652504
764147557257719808
1677701330
868023654336012292
231748158
2316693982
2798994583
1103839375
805538281
2329673030
390145134
3182659362
3271309026
329087002
837519437519466496
415634771
233092485
26655418
2411522780
737027496181276672
883066591297978368
49345031
1413702708
264115903
544662161
870832093927845888
874761583
762935708
2816340631
717720097394147328
799774980653387780
844669041243385856
531984685
896964983526785024
739442825515913216
1488622058
821058394681282560
7636952
4507472419
31303874
78539216
924362506222661632
469209511
21377432
769748648024498176
869412891283292161
108865752
926988850878021632
76275977
41766580
828608625723715584
807158322583531520
17781286
754462140
557207453
294233878
812025823540682753
4892290569
2485929331
879797244249034752
858693055838248961
881897806645952512
476124518
916659256757313536
1012957752
142334184
730025321815216129
697084400840871936
474971391
4313472075
256188287
779490350847107072
21474221
552639566
633893855
539820441
502798093
149162064
3049110908
81109092
923733784272367616
867919691003514880
736357999745376257
923252131553054722
250026736
73914326
634511413
809334853695143941
900852717526151168
262284184
757217079070261249
771992722114699264
4159308693
882272370555199488
86303760
33975743
861314902425776128
96309331
3119018754
153241476
2221579363
3374280635
4744621254
226765530
3040735568
772355357112832000
301145784
823780037937614850
459360132
723008251
4784289921
1143081932
14936676
1500212012
865118346840338432
923310051875487750
709936713792167937
846444090
819777494425313281
483226462
708081287240814593
34819141
796425023934210048
4307262201
204264742
781939484531290112
743851669222473728
768511447
3091870017
2802582759
4521330855
914706604255318019
765220972731310080
910245632161566721
2266090514
83310953
374639261
4372400727
117640946
908626818646859776
900165835817463808
1578163615
1280277600
3066736684
844183475783700480
36709591
4519947196
2413671859
14228270
835482746742943744
113903447
4761544465
145213848
2848460304
14596134
1584791294
214006658
887988848025755648
734017306507026432
743477713
87970549
17278018
3085945291
4093312212
206492877
394259750
925711943234670592
4820904412
1561630825
805654454146101249
147533150
1679610240
739576304396173312
1016204792
17859893
816111226975457280
141702283
21058841
745806655120617476
214779859
790430836533432320
710480849733623808
747791190599208964
886673046919979008
774947156461494272
561077278
770082290462494720
574887738
909653602037141504
771688244127883264
322485651
90913811
181851584
754544745922330624
3270683280
125623869
771028051861737472
871701176
898762640142385152
408794144
2184518613
20578443
783693987492143104
2515990268
17941441
910423151363866624
3400339973
856261237
403561208
897178413219414020
84660015
826949354091061252
337696186
835161335956717568
3817075000
917535109674356736
140501318
1362886135
38393381
925002926057316358
2271073573
873175538386468864
124563625
903067379810349056
764803555
84359944
870772460781744130
273966535
217118414
897581346834481152
719186764183642112
198588841
112159080
49924630
54729609
505564807
3297018122
15447628
841518886856024064
738817098
758496840
424206833
43129897
3122254861
2223874044
254697088
863585642411839489
24977501
3236038874
826141285497061377
3404536653
2262214548
2431013038
592531462
23080051
42089492
762677600661581824
26700483
4140817334
820365751
3430227519
3080091233
484808445
40774885
56613098
3019098398
119940605
4871166924
3600607456
3183637052
736920069888835584
3349126300
805521587944374272
3915313154
896494074076831744
1687584320
927189766738649088
3559905797
776478529630318593
830509976259031040
30861631
4891252992
926631468301877248
4139574973
818180833987141632
2269259187
396087305
728615160752017408
411311575
2253316964
813433573
1547600389
2968712463
4776159557
3304707405
911637537122406400
217007083
1589922259
563968410
889249053363421184
3118507678
921420980400123909
465300055
2598858890
2171373838
811901846285479936
2916420628
441635190
175730300
2896445998
225168723
1654237586
336168685
1427067817
44677188
2370190242
47191725
90930299
2379513732
772667325187133440
14617357
483281783
63724909
213698628
2975035584
3091937290
1288495285
850702735636934657
43659560
86033701
710549965341388800
835093274570407936
1597853832
35676743
116110878
770791024079802368
91982297
14266186
731790213996019712
64600391
2708615644
1936399837
764732519400910848
4774231660
31313524
852579559329460225
45660001
421594628
920579545132097536
3395395869
1486841893
2665382209
1152970999
104072056
265632074
844210268850835456
26344429
558057078
3957980015
4805863643
584775293
836914114979119106
1561594962
3316202748
2339575995
1852569876
1132258338
895222435376771072
859330699802755073
2441402299
106040414
453401525
1935994824
18075623
879843702037897216
3932945236
64704216
3221450929
902619003084034048
334865212
860413221911486464
75407550
32482519
4509655775
595744246
520796614
197281126
273653325
709626901
981377473
763676040
1574176854
1139679812
865711645
118131413
3017353583
862533800261177344
4053592403
1947466314
4844498361
16667056
348408995
167137025
185008881
729848673019015168
874910499464466433
64513132
711839052
3298777103
264723833
2655126222
750336538106527744
921574003688525824
902979160452288514
873413856336400384
404252143
1046489058
271455175
846569317038641152
844928499181850624
76155389
179846985
71386587
2479169659
846050653960990720
853212318
802274117286240256
831934322978541568
26588624
470587670
2655178874
736450229013073920
922828940909068288
1167861439
38803452
1533367800
1023913568
725020927751245825
48380858
1209944197
922236668291117057
161141919
272568368
2830370451
92877299
858019524582535168
4505824040
45765412
799755782321356800
4855108833
713267918
1107747439
474436880
423157169
3184433014
525748398
1125678750
2470956894
867695591421345792
2904636639
906213213049679872
2740918285
76642996
4913563639
2417958187
3244607412
734135355914342400
89829945
3313767929
891259446931980288
93797309
2970737406
1154187140
727126897822420993
4770961255
104499427
854886167237599232
985256388
364335116
2986061932
918996691755421697
411038263
916651740082135040
1166531532
591145178
847480751629123584
4825787354
1942421400
4817761341
130561704
3098579870
2468704375
2287222891
440464205
2239759446
1593906559
446951254
3047313600
35584934
711104098469335041
711085140
2374178431
3363336172
4808430170
3217821220
844412462
902381807739469828
3669784829
226740215
356377405
805137972576342016
1423636172
2814459010
2717925794
36607094
785556492573298689
2983529725
899358204639014912
748113191478099968
206765942
1904710549
910553050170900480
164511886
112294503
19238818
850325976395526145
1072820136
3883123827
602489091
216457256
93075948
1937995056
185768365
551813042
361756660
157215126
2852636619
914163990904709120
115214582
4698318732
771245753561780224
2970926945
393661157
4705369842
2790855822
923313909976707073
2360037134
4126340073
2214531156
36439166
2836349620
289131431
2720947534
1528986643
745683780732489732
2374471274
873749913640853504
3541117879
1402694120
208269468
562525159
912323171214340097
2278021236
38916685
21890857
2177047640
483228573
2830509278
1898620772
151538114
175666723
46761187
856697654226583552
14688696
2490431624
831644421254942720
894698402918928384
736002913806520320
1444685719
457546132
